1| Tokyo| 34463080.0| 34450000| 1.0003796806966618| 154.0
2| KinkiM.M.A.(Osaka)| 18663494.0| 18660000| 1.0001872454448018| 132.0
3| CiudaddeM?xico(MexicoCity)| 18456926.0| 18457000| 0.9999959906810424| 58.0
4| NewYork-Newark| 17828538.0| 17813000| 1.0008722842867568| 132.0
5| S?oPaulo| 16992338.0| 17014000| 0.9987268132126484| 45.0
6| Mumbai(Bombay)| 16139571.0| 16147000| 0.9995399145352077| 27.0
7| Delhi| 15715526.0| 15692000| 1.0014992352791232| 34.0
8| Shanghai| 14274291.0| 14247000| 1.0019155611707729| 48.0
9| Al-Qahirah(Cairo)| 13586413.0| 13626000| 0.9970947453397916| 32.0
10| Kolkata(Calcutta)| 13227603.0| 13097000| 1.009971978315645| 11.0
11| BuenosAires| 12502967.0| 12504000| 0.9999173864363403| 72.0
12| LosAngeles-LongBeach-SantaAna| 11746176.0| 11798000| 0.9956073910832345| 66.0
13| RiodeJaneiro| 11307850.0| 11307000| 1.000075174670558| 88.0
14| Beijing| 10285721.0| 10285000| 1.000070102090423| 60.0
15| Dhaka| 10277552.0| 10285000| 0.9992758385999028| 18.0
16| Moskva(Moscow)| 10044238.0| 10005000| 1.0039218390804598| 22.0
17| Manila| 10244143.0| 9958000| 1.0287349869451696| 10.0
18| Seoul| 10207724.0| 9879000| 1.0332750278368257| 11.0
19| Karachi| 9818899.0| 9825000| 0.9993790330788804| 28.0
20| Paris| 9766340.0| 9737000| 1.0030132484338092| 53.0
21| Istanbul| 8748563.0| 8744000| 1.0005218435498628| 72.0
22| ChukyoM.M.A.(Nagoya)| 8738301.0| 8740000| 0.9998056064073226| 65.0
23| Jakarta| 8384337.0| 8390000| 0.9993250297973778| 8.0
24| Chicago| 8317559.0| 8315000| 1.000307757065544| 106.0
25| Chongqing| 7887161.0| 7863000| 1.0030727457713342| 109.0
26| "Guangzhou,Guangdong"| 7728434.0| 7812000| 0.9893028673835126| 36.0
27| Lima| 7296474.5| 7294000| 1.0003392514395393| 77.0
28| Lagos| 7279872.0| 7281000| 0.9998450762257931| 30.0
29| London| 7248208.5| 7273000| 0.9965912965763783| 33.0
30| Tehran| 7083352.5| 7128000| 0.9937363215488215| 14.0
31| Tianjin| 6833486.0| 6989000| 0.9777487480326227| 51.0
32| HongKong| 6544779.0| 6664000| 0.982109693877551| 15.0
33| Wuhan| 6653146.0| 6638000| 1.002281711358843| 90.0
34| Chennai(Madras)| 6610883.5| 6593000| 1.0027124981040498| 15.0
35| Shenzhen| 6544779.0| 6550000| 0.9992029007633588| 15.0
36| KrungThep(Bangkok)| 6361099.0| 6395000| 0.9946988272087568| 14.0
37| Bogot?| 6345021.0| 6329000| 1.002531363564544| 28.0
38| Kinshasa| 6140326.0| 6140000| 1.0000530944625408| 108.0
39| Santiago| 5653003.5| 5658000| 0.9991169141039237| 43.0
40| Hyderabad| 5658016.0| 5650000| 1.001418761061947| 19.0
41| Bangalore| 5571691.5| 5581000| 0.99833210894105| 91.0
42| Lahore| 5656215.5| 5576000| 1.014385850071736| 22.0
43| Kitakyushu-FukuokaM.M.A.| 5430169.5| 5421000| 1.001691477587161| 54.0
44| Baghdad| 5223137.5| 5200000| 1.0044495192307692| 56.0
45| Philadelphia| 5263688.0| 5156000| 1.0208859581070597| 61.0
46| Madrid| 5004451.0| 5014000| 0.9980955325089749| 46.0
47| Miami| 4933496.5| 4933000| 1.0001006486924793| 76.0
48| Ahmadabad| 4816594.5| 4815000| 1.000331152647975| 15.0
49| BeloHorizonte| 4806116.0| 4807000| 0.9998161015186187| 91.0
50| Shenyang| 4713577.5| 4737000| 0.995055414819506| 41.0
51| SanktPeterburg(SaintPetersburg)| 4305671.5| 4719000| 0.9124118457300275| 710.0
52| Toronto| 4625966.0| 4607000| 1.004116778814847| 42.0
53| Chengdu| 4647097.5| 4607000| 1.0087036032125027| 25.0
54| Th?nhPhoHoCh?Minh(HoChiMinhCity)| 4411067.0| 4389000| 1.0050277967646388| 6.0
55| Barcelona| 4333790.5| 4355000| 0.9951298507462687| 44.0
56| "Nanjing,Jiangsu"| 4305489.5| 4279000| 1.0061905819116617| 36.0
57| KualaLumpur| 4168432.5| 4176000| 0.9981878591954023| 25.0
58| Dallas-FortWorth| 4168464.5| 4168000| 1.0001114443378119| 62.0
59| Haerbin| 4102089.25| 4100000| 1.0005095731707316| 65.0
60| Boston| 4045143.5| 4036000| 1.002265485629336| 60.0
61| "Washington,D.C."| 3965763.5| 3949000| 1.0042449987338566| 34.0
62| Singapore| 3930121.0| 3914000| 1.0041188042922842| 11.0
63| Detroit| 3911258.75| 3899000| 1.0031440754039498| 51.0
64| Houston| 3854999.75| 3847000| 1.0020794775149466| 64.0
65| Foshan| 3911039.75| 3831000| 1.0208926520490733| 17.0
66| "Xi'an,Shaanxi"| 3751046.75| 3788000| 0.9902446541710666| 23.0
67| Sydney| 3782988.0| 3780000| 1.0007904761904762| 75.0
68| Guadalajara| 3728194.25| 3724000| 1.0011262755102042| 32.0
69| Roma(Rome)| 3702767.0| 3708000| 0.9985887270765912| 68.0
70| Xinbei| 3688344.5| 3689000| 0.9998223095689889| 9.0
71| Busan| 3622455.5| 3673000| 0.9862389055268174| 15.0
72| Pune(Poona)| 3647436.5| 3667000| 0.9946649850013635| 15.0
73| Dongguan| 3706412.75| 3633000| 1.020207197908065| 16.0
74| Yangon| 3574852.0| 3573000| 1.000518331933949| 10.0
75| Hangzhou| 3534181.0| 3570000| 0.9899666666666667| 20.0
76| Ar-Riyadh(Riyadh)| 530622.3125| 3567000| 0.14875870829828988| 728.0
77| P?rtoAlegre| 3541148.25| 3546000| 0.9986317681895093| 58.0
78| Al-Iskandariyah(Alexandria)| 3519583.0| 3546000| 0.9925501974055273| 10.0
79| Atlanta| 3525669.5| 3522000| 1.0010418796138558| 97.0
80| Al-Khartum(Khartoum)| 3501737.0| 3505000| 0.9990690442225393| 108.0
81| Montr?al| 3425104.0| 3429000| 0.9988638086905803| 56.0
82| Monterrey| 3403184.25| 3405000| 0.9994667400881058| 64.0
83| Berlin| 3376899.75| 3384000| 0.9979018173758866| 24.0
84| Qingdao| 3356701.0| 3363000| 0.9981269699672911| 48.0
85| Melbourne| 3361492.25| 3361000| 1.0001464593870872| 109.0
86| Chittagong| 3328174.5| 3308000| 1.006098700120919| 13.0
87| SanFrancisco-Oakland| 3262052.5| 3230000| 1.0099233746130032| 20.0
88| Recife| 3215261.5| 3205000| 1.0032017160686428| 22.0
89| Ath?nai(Athens)| 3197932.25| 3179000| 1.0059554105064485| 9.0
90| Ankara| 3180861.25| 3179000| 1.0005854828562442| 335.0
91| Dar-el-Beida(Casablanca)| 3093321.0| 3134000| 0.9870201021059349| 15.0
92| Dalian| 3088189.75| 3092000| 0.9987677069857698| 56.0
93| Johannesburg| 2969337.25| 3046000| 0.974831664478004| 11.0
94| Abidjan| 3005953.25| 3007000| 0.9996518955769871| 20.0
95| Milano(Milan)| 2947249.5| 2985000| 0.9873532663316583| 15.0
96| Bras?lia| 2920948.75| 2932000| 0.996230815143247| 220.0
97| Shantou| 2910302.0| 2930000| 0.993277133105802| 17.0
98| "Ji'nan,Shandong"| 2934949.0| 2923000| 1.0040879233664044| 29.0
99| Phoenix-Mesa| 2927421.0| 2923000| 1.001512487170715| 48.0
100| Changchun| 2899434.5| 2892000| 1.0025707123098202| 55.0
101| Salvador| 2888930.0| 2891000| 0.9992839847803529| 27.0
102| Fortaleza| 2875913.5| 2875000| 1.0003177391304348| 30.0
103| Caracas| 2906254.0| 2864000| 1.0147534916201117| 9.0
104| Luanda| 2349447.0| 2829000| 0.8304867444326617| 468.0
105| CapeTown| 2782200.75| 2785000| 0.9989948833034111| 36.0
106| P'yongyang| 2748388.0| 2777000| 0.9896967951026288| 20.0
107| TelAviv-Yafo(TelAviv-Jaffa)| 2728724.5| 2739000| 0.9962484483388098| 21.0
108| Medell?n| 2764244.0| 2733000| 1.0114321258690084| 10.0
109| Seattle| 2717377.5| 2720000| 0.9990358455882353| 60.0
110| Surat| 2665102.5| 2706000| 0.9848863636363636| 8.0
111| SanDiego| 2698125.75| 2681000| 1.0063878217083178| 35.0
112| Lisboa(Lisbon)| 2669053.75| 2672000| 0.9988973615269461| 46.0
113| Kanpur| 2652542.0| 2664000| 0.995698948948949| 13.0
114| Kunming| 2657159.5| 2654000| 1.0011904672192917| 71.0
115| Taibei| 2709704.75| 2642000| 1.0256263247539743| 5.0
116| Durban(Ethekwini)| 2615127.0| 2625000| 0.9962388571428571| 17.0
117| Surabaya| 2549910.75| 2611000| 0.9766031214094216| 4.0
118| Kyiv(Kiev)| 2584659.5| 2606000| 0.9918110130468151| 18.0
119| Kano| 2620908.0| 2602000| 1.0072667179093004| 17.0
120| Shijiazhuang| 2616219.0| 2591000| 1.009733307603242| 14.0
121| Jiddah| 2024007.0| 2509000| 0.8066986847349542| 709.0
122| SanJuan| 2496177.0| 2508000| 0.9952858851674641| 49.0
123| Sapporo| 2512343.5| 2508000| 1.0017318580542265| 54.0
124| "Taiyuan,Shanxi"| 2528258.25| 2502000| 1.0104949040767386| 25.0
125| Curitiba| 2494660.75| 2494000| 1.0002649358460305| 43.0
126| Zhengzhou| 2436541.5| 2438000| 0.9994017637407712| 16.0
127| Kabul| 2413174.5| 2401000| 1.0050705955851729| 7.0
128| Minneapolis-St.Paul| 2392131.25| 2395000| 0.9988021920668059| 55.0
129| AddisAbaba| 2352762.0| 2377000| 0.9898031131678586| 6.0
130| Incheon| 2104182.5| 2371000| 0.8874662589624631| 2.0
131| Manchester| 2370450.0| 2345000| 1.0108528784648187| 25.0
132| Ekurhuleni| 2435857.0| 2339000| 1.0414095767421976| 8.0
133| Campinas| 2248990.5| 2332000| 0.9644041595197256| 26.0
134| Daegu| 2280473.0| 2323000| 0.9816930693069307| 8.0
135| Puebla| 2261005.5| 2285000| 0.989499124726477| 26.0
136| Birmingham(WestMidlands)| 2273054.5| 2285000| 0.9947722100656455| 19.0
137| "Fuzhou,Fujian"| 2269566.5| 2279000| 0.9958606845107504| 18.0
138| DaresSalaam| 2261298.25| 2272000| 0.9952897227112676| 20.0
139| Jaipur| 2234762.5| 2258000| 0.989708813108946| 10.0
140| Ibadan| 2247998.75| 2236000| 1.0053661672629697| 25.0
141| Napoli(Naples)| 2247825.25| 2232000| 1.0070901657706093| 9.0
142| Izmir| 2219125.25| 2216000| 1.001410311371841| 200.0
143| Nairobi| 2166144.0| 2214000| 0.9783848238482384| 4.0
144| Halab(Aleppo)| 2195114.5| 2204000| 0.9959684664246824| 78.0
145| Lucknow| 2229989.5| 2202000| 1.012710944595822| 12.0
146| LaHabana(Havana)| 2184877.0| 2186000| 0.9994862763037512| 14.0
147| Sendai| 2192825.25| 2184000| 1.0040408653846153| 51.0
148| Changsha| 2164400.25| 2182000| 0.9919341200733273| 8.0
149| ElDjaza?r(Algiers)| 2101432.75| 2141000| 0.9815192666978048| 5.0
150| Bandung| 1886865.0| 2138000| 0.8825374181478017| 2.0
151| Tashkent| 2137041.0| 2135000| 1.0009559718969554| 5.0
152| "Suzhou,Jiangsu"| 2135885.0| 2112000| 1.0113091856060605| 18.0
153| Faisalabad| 2094124.875| 2098000| 0.9981529432793136| 28.0
154| Nagpur| 2070886.375| 2095000| 0.9884899164677804| 8.0
155| St.Louis| 2081650.875| 2079000| 1.001275072150072| 49.0
156| Baltimore| 2068311.0| 2079000| 0.9948585858585859| 18.0
157| Guayaquil| 2091447.75| 2077000| 1.0069560664419837| 25.0
158| Mashhad| 2073396.5| 2073000| 1.000191268692716| 171.0
159| Tampa-St.Petersburg| 2068882.625| 2071000| 0.9989776074360213| 40.0
160| Hiroshima| 2034589.0| 2044000| 0.9953957925636008| 35.0
161| Dimashq(Damascus)| 2012017.625| 2017000| 0.9975298091224591| 54.0
162| SantoDomingo| 2028980.25| 1997000| 1.016014146219329| 14.0
163| Denver-Aurora| 1998460.875| 1994000| 1.0022371489468405| 29.0
164| CiudaddeGuatemala(GuatemalaCity)| 1926440.5| 1973000| 0.9764016725798277| 8.0
165| Vancouver| 1957017.25| 1959000| 0.9989878764675855| 39.0
166| Bucuresti(Bucharest)| 1944132.75| 1949000| 0.9975026936890713| 7.0
167| Cali| 1896679.5| 1929000| 0.9832449455676516| 7.0
168| Medan| 1994476.75| 1912000| 1.0431363755230125| 4.0
169| Nanchang| 1905681.125| 1903000| 1.0014088938518129| 10.0
170| Lanzhou| 1906232.75| 1890000| 1.0085887566137566| 34.0
171| Zibo| 1847050.5| 1873000| 0.9861454885210892| 28.0
172| Dakar| 1763899.375| 1862000| 0.9473143796992481| 4.0
173| Guiyang| 1853400.375| 1860000| 0.9964518145161291| 24.0
174| Ningbo| 1824196.625| 1849000| 0.9865855191995674| 13.0
175| "Wuxi,Jiangsu"| 1834274.5| 1835000| 0.9996046321525885| 11.0
176| ?r?mqi(Wulumqi)| 1807805.875| 1807000| 1.0004459739900387| 17.0
177| Baku| 1793544.375| 1806000| 0.9931031976744186| 33.0
178| Budapest| 1806004.875| 1787000| 1.0106350727476217| 13.0
179| Cleveland| 1816906.375| 1786000| 1.017304801231803| 30.0
180| Bruxelles-Brussel| 1805100.75| 1783000| 1.0123952607964106| 15.0
181| Tunis| 1765025.625| 1769000| 0.997753321085359| 32.0
182| Pittsburgh| 1755180.625| 1753000| 1.0012439389617798| 49.0
183| Nanning| 1745759.25| 1737000| 1.0050427461139897| 28.0
184| Bel?m| 1729779.75| 1724000| 1.003352523201856| 10.0
185| Hamburg| 1699275.75| 1710000| 0.9937285087719299| 19.0
186| Minsk| 1698273.125| 1700000| 0.9989841911764706| 43.0
187| Taoyuan| 1826363.875| 1700000| 1.0743316911764706| 3.0
188| Asunci?n| 1709097.75| 1700000| 1.0053516176470587| 12.0
189| "Changzhou,Jiangsu"| 1714227.75| 1698000| 1.0095569787985865| 10.0
190| Torino(Turin)| 1691033.0| 1694000| 0.9982485242030696| 23.0
191| Port-au-Prince| 1732392.75| 1693000| 1.023268015357354| 6.0
192| Accra| 1679925.75| 1668000| 1.0071497302158274| 5.0
193| Warszawa(Warsaw)| 1671172.25| 1666000| 1.0031045918367347| 11.0
194| H?Noi| 1741220.5| 1660000| 1.0489280120481927| 3.0
195| Patna| 1610110.0| 1654000| 0.9734643288996372| 6.0
196| WestYorkshire| 1675634.0| 1648000| 1.016768203883495| 28.0
197| Goi?nia| 1656089.0| 1635000| 1.0128984709480122| 34.0
198| Bekasi| 1649652.5| 1622000| 1.0170483970406905| 1.0
199| Brisbane| 1573941.0| 1611000| 0.9769962756052142| 50.0
200| Montevideo| 1600111.25| 1600000| 1.00006953125| 41.0
201| Wenzhou| 1610619.625| 1590000| 1.0129683176100628| 11.0
202| Portland| 1588051.375| 1589000| 0.999403005034613| 33.0
203| Glasgow| 1576163.5| 1585000| 0.9944249211356467| 26.0
204| Coimbatore| 1581773.25| 1562000| 1.0126589308578746| 15.0
205| TolucadeLerdo| 1379815.75| 1553000| 0.8884840631036703| 11.0
206| Wien(Vienna)| 1560910.5| 1549000| 1.0076891542930924| 12.0
207| SanJose| 1491303.75| 1541000| 0.9677506489292667| 11.0
208| Hefei| 1570512.25| 1532000| 1.025138544386423| 8.0
209| Maracaibo| 1529729.5| 1525000| 1.00310131147541| 7.0
210| Riverside-SanBernardino| 1581398.75| 1516000| 1.0431390171503958| 14.0
211| Barranquilla| 1499376.75| 1511000| 0.9923075777630708| 4.0
212| Rabat| 1514524.75| 1507000| 1.004993198407432| 19.0
213| Cincinnati| 1520347.25| 1506000| 1.0095267264276229| 29.0
214| Douala| 1489409.5| 1490000| 0.9996036912751678| 122.0
215| Gaoxiong| 1459673.5| 1488000| 0.980963373655914| 5.0
216| Bayrut(Beirut)| 1492225.0| 1487000| 1.003513786146604| 15.0
217| Indore| 1543544.875| 1486000| 1.0387246803499328| 9.0
218| Kharkiv| 1462596.75| 1484000| 0.9855773247978437| 8.0
219| Rawalpindi| 1475203.75| 1477000| 0.9987838524035206| 26.0
220| Marseille-Aix-en-Provence| 1459700.5| 1476000| 0.9889569783197832| 29.0
221| BaixadaSantista| 1303790.0| 1468000| 0.8881403269754768| 2.0
222| Vadodara| 1505361.875| 1465000| 1.0275507679180886| 9.0
223| Palembang| 1498571.375| 1459000| 1.0271222583961617| 4.0
224| Lyon| 1444383.5| 1446000| 0.9988820885200553| 18.0
225| GrandeVit?ria| 1432711.625| 1435000| 0.9984053135888502| 32.0
226| Bhopal| 1421789.25| 1428000| 0.9956507352941176| 19.0
227| Semarang| 1468266.875| 1427000| 1.0289186229852838| 5.0
228| Novosibirsk| 1422047.625| 1426000| 0.9972283485273492| 15.0
229| "Tangshan,Hebei"| 1376532.0| 1418000| 0.9707559943582511| 11.0
230| Xiamen| 1336873.375| 1416000| 0.9441196151129944| 17.0
231| LaPaz| 1417156.25| 1415000| 1.001523851590106| 63.0
232| Perth| 1407014.375| 1407000| 1.0000102167732765| 224.0
233| Baotou| 1393789.125| 1406000| 0.991315167140825| 32.0
234| Sacramento| 1403355.875| 1401000| 1.0016815667380443| 29.0
235| Kochi(Cochin)| 1462793.875| 1399000| 1.0455996247319514| 8.0
236| VirginiaBeach| 1397168.75| 1396000| 1.0008372134670487| 39.0
237| Manaus| 1391561.375| 1392000| 0.9996848958333333| 146.0
238| Valencia| 1389374.75| 1392000| 0.9981140445402299| 21.0
239| Anshan| 1387435.0| 1384000| 1.002481936416185| 8.0
240| Esfahan| 1381354.5| 1382000| 0.9995329232995659| 81.0
241| Harare| 1377512.75| 1379000| 0.9989215010877447| 154.0
242| Zhongshan| 2017827.75| 1375000| 1.467511090909091| 1.0
243| Ludhiana| 1366014.75| 1368000| 0.9985487938596491| 11.0
244| Xuzhou| 1471584.25| 1367000| 1.0765064008778347| 4.0
245| KansasCity| 1363449.875| 1365000| 0.9988643772893773| 35.0
246| Tijuana| 1400845.375| 1365000| 1.026260347985348| 10.0
247| Antananarivo| 1347497.5| 1361000| 0.9900789860396767| 8.0
248| "Fushun,Liaoning"| 1366302.25| 1358000| 1.006113586156112| 8.0
249| Quito| 1402404.75| 1357000| 1.0334596536477525| 7.0
250| Daejon| 1332953.375| 1354000| 0.9844559638109306| 9.0
251| Yaound?| 1350652.0| 1351000| 0.9997424130273871| 125.0
252| C?rdoba| 1345778.75| 1348000| 0.9983521884272997| 16.0
253| Sana'a'| 1342748.25| 1347000| 0.9968435412026726| 49.0
254| Gwangju| 1346068.875| 1343000| 1.0022850893521966| 10.0
255| Agra| 1283293.0| 1342000| 0.9562540983606558| 6.0
256| SanAntonio| 1335780.5| 1337000| 0.9990878833208676| 24.0
257| NizhniyNovgorod| 1308819.75| 1331000| 0.9833356498873028| 8.0
258| LasVegas| 1325813.375| 1326000| 0.9998592571644043| 46.0
259| Tangerang| 1649652.5| 1326000| 1.2440818250377075| 1.0
260| Visakhapatnam| 1353338.25| 1323000| 1.0229314058956915| 6.0
261| Milwaukee| 1349869.625| 1311000| 1.0296488367658276| 21.0
262| Jilin| 1312413.25| 1311000| 1.0010779938977878| 16.0
263| Yekaterinburg| 1294192.75| 1303000| 0.9932407904834997| 24.0
264| AlKuwayt(KuwaitCity)| 1299470.75| 1300000| 0.9995928846153846| 60.0
265| Le?ndelosAldamas| 1297219.25| 1280000| 1.0134525390625| 21.0
266| Tabriz| 1275476.75| 1264000| 1.009079707278481| 42.0
267| Beograd(Belgrade)| 1257668.0| 1257000| 1.0005314240254575| 197.0
268| Porto| 1272443.625| 1254000| 1.0147078349282297| 13.0
269| Multan| 1274434.875| 1251000| 1.0187329136690648| 20.0
270| Khulna| 1229460.875| 1247000| 0.9859349438652767| 5.0
271| Weifang| 1241876.25| 1235000| 1.0055678137651822| 20.0
272| Kampala| 1226712.375| 1233000| 0.9949005474452555| 3.0
273| Indianapolis| 1224368.625| 1225000| 0.9994845918367347| 38.0
274| CiudadJu?rez| 1216211.0| 1223000| 0.9944488961569911| 31.0
275| Yantai| 1206430.625| 1217000| 0.9913152218570255| 20.0
276| Shizuoka-HamamatsuM.M.A.| 1292018.375| 1217000| 1.061642050123254| 13.0
277| Yangzhou| 1215779.625| 1217000| 0.9989972267871816| 11.0
278| CiudaddePanam?(PanamaCity)| 1216902.625| 1216000| 1.0007422902960526| 41.0
279| Luoyang| 1146376.75| 1213000| 0.9450756389117889| 6.0
280| Madurai| 1209622.875| 1211000| 0.9988628199834847| 6.0
281| Hyderabad| 1197817.75| 1210000| 0.9899320247933884| 27.0
282| Gujranwala| 1212969.0| 1209000| 1.0032828784119108| 17.0
283| Kannur| 1171494.875| 1208000| 0.9697805256622517| 12.0
284| Stockholm| 1196879.625| 1206000| 0.9924375| 19.0
285| Varanasi(Benares)| 1113391.375| 1204000| 0.9247436669435216| 5.0
286| M?nchen(Munich)| 1213855.0| 1202000| 1.0098627287853577| 8.0
287| Xiangyang| 1200431.375| 1202000| 0.9986949875207987| 15.0
288| Muqdisho(Mogadishu)| 1207777.125| 1201000| 1.0056429017485429| 18.0
289| Conakry| 1189907.125| 1192000| 0.9982442323825503| 32.0
290| Qiqihaer| 1185427.0| 1188000| 0.997834175084175| 54.0
291| Kumasi| 1248693.625| 1187000| 1.0519744102780118| 6.0
292| Bursa| 1181928.625| 1180000| 1.0016344279661018| 92.0
293| Providence| 1182597.25| 1175000| 1.0064657446808511| 21.0
294| Samara| 1172572.25| 1173000| 0.999635336743393| 67.0
295| Praha(Prague)| 1166377.25| 1172000| 0.9952024317406143| 12.0
296| Liuzhou| 1161313.25| 1168000| 0.9942750428082192| 11.0
297| Makkah(Mecca)| 1167329.75| 1168000| 0.9994261558219178| 367.0
298| Orlando| 1154512.625| 1165000| 0.9909979613733906| 20.0
299| Almaty| 1158805.875| 1160000| 0.9989705818965517| 15.0
300| Rosario| 1152808.625| 1152000| 1.0007019314236112| 35.0
301| DavaoCity| 1165200.375| 1152000| 1.0114586588541667| 28.0
302| PhnumP?nh(PhnomPenh)| 1172259.625| 1149000| 1.020243363794604| 4.0
303| Meerut| 758784.875| 1147000| 0.6615386878814298| 3.0
304| Bamako| 1135199.875| 1142000| 0.9940454246935201| 23.0
305| "Columbus,Ohio"| 1139514.625| 1139000| 1.0004518217734855| 25.0
306| Omsk| 1130419.625| 1136000| 0.9950876980633803| 12.0
307| "Linyi,Shandong"| 1137540.25| 1129000| 1.0075644375553587| 15.0
308| Z?rich(Zurich)| 1119237.375| 1129000| 0.991352856510186| 19.0
309| Sofia| 1133098.0| 1128000| 1.0045195035460992| 25.0
310| Shaoxing| 1100030.25| 1124000| 0.9786745996441281| 10.0
311| Adana| 1115853.25| 1123000| 0.993636019590383| 73.0
312| Adelaide| 1121428.0| 1122000| 0.9994901960784314| 49.0
313| Depok| 1649652.5| 1121000| 1.4715900981266725| 1.0
314| Nashik| 1101426.25| 1117000| 0.9860575201432408| 12.0
315| Shiraz| 1109850.75| 1115000| 0.9953818385650224| 87.0
316| "Jining,Shandong"| 1077447.5| 1112000| 0.968927607913669| 14.0
317| Yerevan| 1174431.75| 1111000| 1.0570942844284428| 4.0
318| Auckland| 1109967.5| 1110000| 0.9999707207207207| 41.0
319| Tbilisi| 1069504.625| 1100000| 0.9722769318181819| 7.0
320| Kazan| 1092052.25| 1096000| 0.9963980383211679| 11.0
321| PortHarcourt| 1107574.625| 1091000| 1.0151921402383135| 9.0
322| Kozhikode(Calicut)| 1135344.0| 1090000| 1.0416| 8.0
323| Lubumbashi| 1088488.0| 1089000| 0.9995298438934802| 66.0
324| Karaj| 1270112.0| 1087000| 1.1684563017479301| 2.0
325| Jamshedpur| 1090777.625| 1084000| 1.006252421586716| 7.0
326| Pretoria| 1050548.375| 1084000| 0.9691405673431734| 9.0
327| Jabalpur| 1078571.25| 1083000| 0.9959106648199446| 19.0
328| Chelyabinsk| 1093421.875| 1082000| 1.0105562615526802| 11.0
329| Daqing| 1079705.0| 1082000| 0.9978789279112754| 59.0
330| Makassar(UjungPandang)| 1133518.75| 1077000| 1.052477948003714| 3.0
331| Changwon| 908376.0| 1077000| 0.8434317548746518| 2.0
332| K?benhavn(Copenhagen)| 1089489.375| 1077000| 1.0115964484679665| 11.0
333| Dnipro| 1054199.0| 1077000| 0.9788291550603528| 13.0
334| Peshawar| 1099703.75| 1075000| 1.0229802325581396| 9.0
335| Lusaka| 1046810.0625| 1073000| 0.9755918569431501| 8.0
336| Baoding| 1077547.5| 1070000| 1.007053738317757| 7.0
337| GrandeS?oLu?s| 1062330.375| 1064000| 0.9984308035714285| 23.0
338| SanSalvador| 1086031.625| 1062000| 1.0226286487758944| 2.0
339| Rostov-na-Donu(Rostov-on-Don)| 1064808.25| 1061000| 1.003589302544769| 10.0
340| Asansol| 1058326.75| 1058000| 1.0003088374291116| 5.0
341| Al-Mawsil(Mosul)| 1056955.375| 1056000| 1.0009047111742424| 129.0
342| Ottawa-Gatineau| 1054458.0| 1055000| 0.9994862559241706| 58.0
343| Huainan| 1024722.875| 1049000| 0.9768568875119161| 11.0
344| SantaCruz| 1054053.5| 1049000| 1.0048174451858913| 55.0
345| Datong| 1043145.5| 1049000| 0.9944189704480457| 16.0
346| Ufa| 1051611.75| 1049000| 1.0024897521448999| 11.0
347| Dhanbad| 1058326.75| 1048000| 1.0098537690839695| 5.0
348| Thiruvananthapuram| 1052229.75| 1045000| 1.0069184210526316| 5.0
349| Thrissur| 1005602.6875| 1042000| 0.9650697576775432| 7.0
350| Odesa| 1042243.3125| 1037000| 1.005056231918997| 6.0
351| SanJos?| 1014996.125| 1032000| 0.9835233769379845| 5.0
352| Allahabad| 963800.5| 1028000| 0.9375491245136187| 4.0
353| Donetsk| 1038609.25| 1026000| 1.0122897173489278| 12.0
354| Vijayawada| 1050041.5| 1025000| 1.0244307317073171| 4.0
355| Lom?| 1028331.0625| 1023000| 1.0052112047898338| 11.0
356| Tarabulus(Tripoli)| 1012607.1875| 1022000| 0.9908093811154599| 25.0
357| Brazzaville| 1361898.375| 1022000| 1.3325815802348338| 2.0
358| Helsinki| 1022262.4375| 1019000| 1.0032016069676153| 30.0
359| Maputo| 1035823.25| 1019000| 1.0165095682041216| 9.0
360| Jo?oPessoa| 1010748.0| 1018000| 0.9928762278978389| 30.0
361| Amman| 1078958.0| 1017000| 1.060922320550639| 2.0
362| Perm| 1014063.125| 1014000| 1.0000622534516765| 217.0
363| Mbuji-Mayi| 1011463.125| 1011000| 1.0004580860534125| 11.0
364| Volgograd| 950494.4375| 1010000| 0.9410836014851485| 9.0
365| NewOrleans| 1007094.375| 1009000| 0.9981113726461843| 16.0
366| Nantong| 983751.375| 1006000| 0.9778840705765408| 7.0
367| Amsterdam| 1035465.9375| 1005000| 1.0303143656716418| 8.0
368| Hohhot| 1009420.625| 1005000| 1.004398631840796| 22.0
369| Zhuhai| 995858.0| 1004000| 0.991890438247012| 6.0
370| Huizhou| 1112788.625| 1003000| 1.1094602442671984| 4.0
371| Lille| 1014439.9375| 1002000| 1.012415107285429| 8.0
372| "Taizhou,Zhejiang"| 977135.4375| 992000| 0.9850155619959677| 12.0
373| Rotterdam| 1010301.6875| 991000| 1.0194769803229062| 7.0
374| Dublin| 987497.125| 989000| 0.9984804095045501| 10.0
375| Amritsar| 972973.125| 981000| 0.9918176605504587| 8.0
376| Taizhong| 972797.125| 978000| 0.9946800869120654| 4.0
377| Buffalo| 986092.75| 976000| 1.0103409323770491| 18.0
378| Rajkot| 970477.0625| 975000| 0.9953610897435897| 16.0
379| BeninCity| 982456.0| 975000| 1.0076471794871795| 17.0
380| PortElizabeth(NelsonMandelaBay)| 976547.625| 974000| 1.0026156314168377| 12.0
381| Memphis| 972695.125| 974000| 0.9986602926078029| 27.0
382| Srinagar| 959059.375| 973000| 0.9856725334018499| 10.0
383| K?ln(Cologne)| 914167.625| 963000| 0.9492914070612669| 7.0
384| Huai'an| 960112.75| 956000| 1.004302039748954| 12.0
385| Macei?| 954378.625| 952000| 1.002498555672269| 21.0
386| Barquisimeto| 936071.25| 946000| 0.9895044926004228| 34.0
387| Antwerpen| 807899.5625| 945000| 0.854920171957672| 11.0
388| Suweon| 1178328.0| 932000| 1.2643004291845494| 1.0
389| Maracay| 938005.9375| 931000| 1.0075251745435017| 14.0
390| Calgary| 924853.8125| 927000| 0.997684803128371| 39.0
391| Handan| 973393.875| 925000| 1.0523177027027026| 5.0
392| Edmonton| 923898.75| 924000| 0.9998904220779221| 99.0
393| Joinville| 922500.0| 924000| 0.9983766233766234| 41.0
394| "Yancheng,Jiangsu"| 924684.5| 923000| 1.0018250270855904| 13.0
395| Voronezh| 912627.75| 921000| 0.9909096091205212| 11.0
396| Ouagadougou| 922699.125| 921000| 1.0018448697068405| 16.0
397| Seongnam| 1179975.625| 911000| 1.2952531558726674| 1.0
398| Krasnoyarsk| 906975.625| 911000| 0.9955824643249177| 9.0
399| Austin| 912984.125| 911000| 1.0021779637760702| 22.0
400| Durg-Bhilainagar| 891270.25| 911000| 0.9783427552140505| 8.0
401| "Taian,Shandong"| 865294.5625| 910000| 0.9508731456043956| 8.0
402| Haikou| 895480.5625| 907000| 0.9872994073869901| 10.0
403| Dubayy(Dubai)| 903668.3125| 907000| 0.9963266951488423| 54.0
404| Hefa(Haifa)| 777921.375| 905000| 0.8595816298342541| 11.0
405| Nice-Cannes| 882914.8125| 898000| 0.9832013502227172| 14.0
406| SaltLakeCity| 892369.5625| 891000| 1.0015371071829404| 14.0
407| LaLaguna| 889062.25| 891000| 0.9978251964085297| 50.0
408| Bridgeport-Stamford| 929731.5625| 890000| 1.0446422050561799| 14.0
409| Managua| 931746.0| 887000| 1.050446448703495| 7.0
410| "Jacksonville,Florida"| 884607.125| 886000| 0.9984279063205418| 29.0
411| Kaduna| 885051.6875| 881000| 1.004598964245176| 19.0
412| Gaziantep| 883967.125| 880000| 1.004508096590909| 77.0
413| Natal| 864782.125| 879000| 0.9838249431171786| 7.0
414| Saratov| 900068.8125| 878000| 1.0251353217539863| 7.0
415| Zhangjiakou| 861297.5| 878000| 0.9809766514806378| 11.0
416| Tiruchirappalli| 873791.25| 876000| 0.997478595890411| 5.0
417| Aurangabad| 893029.875| 869000| 1.027652330264672| 13.0
418| F?s| 863656.0625| 868000| 0.9949954637096774| 22.0
419| Ahvaz| 863898.9375| 868000| 0.9952752736175116| 94.0
420| Louisville| 862772.9375| 866000| 0.9962735998845266| 23.0
421| Benxi| 898905.625| 857000| 1.0488980455075847| 15.0
422| SanLuisPotos?| 854721.8125| 857000| 0.9973416715285881| 27.0
423| Hims(Homs)| 871028.5625| 856000| 1.0175567318925234| 29.0
424| Gwalior| 851306.5625| 855000| 0.9956801900584795| 25.0
425| Palermo| 864636.25| 855000| 1.0112704678362574| 11.0
426| Hartford| 836530.5625| 853000| 0.980692335873388| 16.0
427| Solapur| 873430.625| 853000| 1.0239514947245019| 10.0
428| Zaozhuang| 843232.5| 853000| 0.9885492379835873| 14.0
429| Liverpool| 833694.5625| 853000| 0.9773675996483001| 8.0
430| Bucaramanga| 854235.625| 852000| 1.0026239730046949| 13.0
431| "Mianyang,Sichuan"| 848114.5| 850000| 0.9977817647058823| 6.0
432| Mandalay| 822106.0625| 847000| 0.9706092827626919| 5.0
433| Jodhpur| 860095.0| 846000| 1.016660756501182| 28.0
434| Ulsan| 833152.375| 845000| 0.9859791420118343| 6.0
435| Xining| 835852.5| 844000| 0.9903465639810427| 9.0
436| Ranchi| 878055.8125| 844000| 1.0403504887440758| 6.0
437| Qom| 848334.0625| 843000| 1.0063274762752077| 108.0
438| Mendoza| 835978.875| 838000| 0.9975881563245823| 39.0
439| Monrovia| 836682.625| 836000| 1.0008165370813398| 77.0
440| Jiangmen| 831005.875| 834000| 0.9964099220623501| 5.0
441| Abuja| 833891.4375| 833000| 1.0010701530612245| 88.0
442| Quer?taro| 829259.6875| 825000| 1.0051632575757576| 20.0
443| Zaporizhzhya| 822032.375| 822000| 1.000039385644769| 9.0
444| Richmond| 820701.5625| 822000| 0.9984203923357664| 27.0
445| Zhuzhou| 837874.0625| 819000| 1.0230452533577534| 6.0
446| Zhanjiang| 812178.25| 818000| 0.992882946210269| 9.0
447| Yueyang| 830115.4375| 818000| 1.0148110482885087| 9.0
448| "Yichun,Heilongjiang"| 817723.5| 815000| 1.003341717791411| 101.0
449| M?rida| 805625.0| 810000| 0.9945987654320988| 18.0
450| Niigata| 794579.375| 808000| 0.9833903155940594| 11.0
451| Guilin| 820145.0625| 805000| 1.0188137422360248| 11.0
452| Valpara?so| 798265.625| 803000| 0.9941041407222914| 17.0
453| Cuernavaca| 1041886.0| 803000| 1.297491905354919| 2.0
454| Guwahati(Gauhati)| 819458.625| 801000| 1.0230444756554307| 3.0
455| ??d?| 795721.25| 799000| 0.9958964330413016| 8.0
456| Thessaloniki| 820807.3125| 797000| 1.0298711574654955| 5.0
457| Al-Madinah(Medina)| 549886.625| 795000| 0.6916812893081761| 728.0
458| AcapulcodeJu?rez| 795452.25| 794000| 1.0018290302267003| 38.0
459| Hengyang| 814711.3125| 793000| 1.0273787042875158| 5.0
460| Southampton/Portsmouth(SouthHampshire)| 805105.6875| 792000| 1.0165475852272727| 12.0
461| Chandigarh| 788286.5625| 790000| 0.9978310917721519| 3.0
462| Teresina| 787422.125| 788000| 0.9992666560913706| 33.0
463| Mysore| 776584.25| 787000| 0.986765247776366| 6.0
464| "Taizhou,Jiangsu"| 777133.9375| 784000| 0.9912422672193878| 5.0
465| Hubli-Dharwad| 792155.9375| 776000| 1.020819507087629| 14.0
466| Toulouse| 773612.625| 775000| 0.9982098387096774| 13.0
467| Oslo| 773648.375| 774000| 0.9995457041343669| 31.0
468| Mexicali| 767460.1875| 770000| 0.9967015422077922| 172.0
469| Jinzhou| 780226.875| 770000| 1.0132816558441557| 7.0
470| Lianyungang| 749198.8125| 769000| 0.9742507314694409| 10.0
471| Charlotte| 767699.8125| 768000| 0.999609130859375| 20.0
472| Bishkek| 785908.0625| 766000| 1.0259896377284596| 6.0
473| Ulaanbaatar| 764321.5625| 765000| 0.9991131535947713| 70.0
474| Bordeaux| 768067.0| 765000| 1.0040091503267974| 17.0
475| Quanzhou| 765825.3125| 764000| 1.002389152486911| 5.0
476| Aguascalientes| 764833.0| 763000| 1.0024023591087812| 32.0
477| Xinxiang| 775583.875| 762000| 1.0178266076115485| 4.0
478| Riga| 772509.25| 762000| 1.0137916666666666| 11.0
479| Malappuram| 739488.0| 762000| 0.9704566929133859| 5.0
480| "Jingzhou,Hubei"| 786738.8125| 761000| 1.0338223554533508| 13.0
481| Al-Basrah(Basra)| 759550.0625| 759000| 1.0007247200263505| 88.0
482| Malang| 751657.875| 757000| 0.9929430317040951| 1.0
483| Krak?w(Cracow)| 762362.5| 756000| 1.0084160052910054| 11.0
484| Nashville-Davidson| 752909.0| 755000| 0.997230463576159| 23.0
485| Bucheon| 1179975.625| 755000| 1.5628816225165563| 1.0
486| Tegucigalpa| 724262.125| 752000| 0.9631145279255319| 3.0
487| Marrakech| 750673.5| 751000| 0.9995652463382158| 27.0
488| Bogor| 770982.5625| 751000| 1.0266079394141145| 1.0
489| Tampico| 754687.0625| 750000| 1.0062494166666667| 46.0
490| OklahomaCity| 747549.125| 750000| 0.9967321666666666| 16.0
491| Wahran(Oran)| 764509.75| 749000| 1.0207072763684912| 21.0
492| Bareilly| 756969.0| 748000| 1.0119906417112299| 6.0
493| Zunyi| 740916.625| 745000| 0.9945189597315436| 8.0
494| Qinhuangdao| 741293.4375| 744000| 0.9963621471774193| 23.0
495| "Zhenjiang,Jiangsu"| 713223.4375| 743000| 0.9599238728129206| 3.0
496| Valencia| 681282.125| 743000| 0.9169342193808883| 3.0
497| BandarLampung| 759237.9375| 743000| 1.0218545592193808| 4.0
498| "Jixi,Heilongjiang"| 747730.3125| 741000| 1.0090827429149798| 27.0
499| NewcastleuponTyne| 754784.75| 741000| 1.0186029014844804| 8.0
500| Cartagena| 734198.25| 740000| 0.9921597972972973| 15.0
501| Lviv| 752461.875| 739000| 1.0182163396481732| 6.0
502| Salem| 697360.8125| 738000| 0.9449333502710027| 5.0
503| Cochabamba| 731053.0625| 735000| 0.9946300170068028| 22.0
504| Konya| 735555.0| 734000| 1.0021185286103542| 108.0
505| Florian?polis| 738813.4375| 734000| 1.0065578167574931| 23.0
506| Goyang| 1179975.625| 734000| 1.6075962193460491| 1.0
507| Genova(Genoa)| 733495.875| 732000| 1.0020435450819671| 12.0
508| Kermanshah| 724209.625| 729000| 0.9934288408779149| 57.0
509| Bologna| 739985.5625| 724000| 1.0220795062154697| 14.0
510| Tainan| 722061.875| 723000| 0.9987024550484094| 5.0
511| Tucson| 721619.875| 723000| 0.9980911134163208| 25.0
512| SanMigueldeTucum?n| 718104.0625| 722000| 0.9946039646814404| 15.0
513| CebuCity| 799559.5625| 721000| 1.1089591712898752| 3.0
514| Raipur| 717645.0| 720000| 0.9967291666666667| 11.0
515| Kumamoto| 703354.5| 720000| 0.97688125| 6.0
516| Honolulu| 727506.75| 720000| 1.0104260416666666| 12.0
517| Padang| 717703.0| 716000| 1.0023784916201117| 6.0
518| Irbil(Erbil)| 705618.5| 706000| 0.9994596317280453| 101.0
519| Dongying| 693949.0625| 706000| 0.982930683427762| 16.0
520| Dayton| 679229.0625| 704000| 0.9648140092329546| 15.0
521| Chihuahua| 702047.625| 702000| 1.000067841880342| 115.0
522| Bergamo| 734240.6875| 699000| 1.0504158619456365| 8.0
523| Jalandhar| 707092.5| 698000| 1.0130265042979942| 7.0
524| "Xiangtan,Hunan"| 716390.6875| 698000| 1.0263476898280803| 5.0
525| "Nanyang,Henan"| 723606.5| 697000| 1.0381728837876614| 12.0
526| Niamey| 696737.9375| 696000| 1.0010602550287355| 147.0
527| Rochester| 698371.8125| 695000| 1.0048515287769784| 21.0
528| Zagreb| 806297.9375| 693000| 1.1634890873015873| 10.0
529| Veracruz| 690108.6875| 692000| 0.9972668894508671| 11.0
530| Yichang| 680339.6875| 692000| 0.9831498374277456| 6.0
531| Chaozhou| 647340.0| 691000| 0.9368162083936324| 2.0
532| Kota| 684532.5625| 691000| 0.9906404667149059| 17.0
533| Freetown| 673062.0| 690000| 0.9754521739130435| 8.0
534| N'Djam?na| 689160.0| 690000| 0.9987826086956522| 80.0
535| Tolyatti| 682777.4375| 689000| 0.9909687046444122| 51.0
536| Sevilla| 708106.5625| 687000| 1.0307227983988356| 4.0
537| Bengbu| 702657.875| 687000| 1.0227916666666668| 6.0
538| Morelia| 680001.0| 684000| 0.9941535087719299| 24.0
539| Qu?bec| 682993.0625| 684000| 0.9985278691520468| 31.0
540| Mombasa| 708559.625| 683000| 1.0374225841874085| 4.0
541| Panjin| 682670.3125| 683000| 0.999517295021962| 8.0
542| Firenze(Florence)| 690192.625| 683000| 1.0105309297218155| 8.0
543| Dandong| 705196.5| 679000| 1.0385810014727541| 9.0
544| Rajshahi| 710732.5625| 678000| 1.048278115781711| 6.0
545| Arequipa| 676042.1875| 678000| 0.9971123709439528| 7.0
546| ElPaso| 672352.125| 678000| 0.9916698008849557| 13.0
547| Chifeng| 673638.0625| 677000| 0.9950340657311669| 61.0
548| LaPlata| 939343.125| 676000| 1.3895608357988165| 2.0
549| Cixi| 625328.0625| 676000| 0.9250415125739645| 3.0
550| Winnipeg| 675345.75| 675000| 1.0005122222222222| 29.0
551| Okayama| 677628.125| 674000| 1.005382974777448| 8.0
552| KryvyiRih| 664250.4375| 673000| 0.9869991641901932| 9.0
553| Shaoguan| 675212.625| 670000| 1.007780037313433| 17.0
554| Nottingham| 645373.375| 670000| 0.963243843283582| 8.0
555| Aracaju| 674549.875| 669000| 1.0082957772795216| 13.0
556| Fuxin| 643964.25| 667000| 0.9654636431784108| 7.0
557| Hamhung| 656656.75| 666000| 0.9859710960960961| 9.0
558| Birmingham| 669322.8125| 666000| 1.0049892079579579| 26.0
559| Mudanjiang| 667323.25| 665000| 1.0034936090225564| 20.0
560| Bulawayo| 790166.3125| 665000| 1.1882200187969925| 2.0
561| Jerusalem| 767155.0| 664000| 1.1553539156626507| 3.0
562| SamutPrakan| 1101573.0| 656000| 1.6792271341463414| 1.0
563| Hamilton| 593793.8125| 656000| 0.9051734946646341| 7.0
564| Aligarh| 697479.75| 655000| 1.0648545801526716| 7.0
565| CampoGrande| 653859.8125| 654000| 0.9997856460244648| 49.0
566| Maoming| 628672.4375| 654000| 0.9612728402140672| 7.0
567| Luzhou| 667283.25| 649000| 1.0281714175654855| 11.0
568| Concepci?n| 643578.3125| 648000| 0.9931764081790123| 13.0
569| WestRand| 835867.0| 647000| 1.2919119010819164| 2.0
570| Puning| 647340.0| 646000| 1.0020743034055728| 2.0
571| Heze| 635784.875| 645000| 0.985712984496124| 10.0
572| FrankfurtamMain| 653560.875| 645000| 1.0132726744186047| 6.0
573| Colombo| 555027.1875| 644000| 0.8618434588509317| 2.0
574| Zaria| 660469.125| 643000| 1.0271681570762052| 8.0
575| Saltillo| 701197.4375| 643000| 1.090509234059098| 3.0
576| Cotonou| 708925.625| 642000| 1.1042455218068536| 2.0
577| Kathmandu| 657553.0625| 642000| 1.0242259540498442| 4.0
578| Krasnodar| 642839.1875| 641000| 1.0028692472698908| 32.0
579| Jiaozuo| 666300.0| 641000| 1.0394695787831514| 4.0
580| Wroc?aw| 646661.0625| 640000| 1.01040791015625| 11.0
581| Sheffield| 659917.5625| 640000| 1.03112119140625| 11.0
582| Ad-Dammam| 619649.0625| 639000| 0.9697168427230047| 573.0
583| Li?ge| 639307.5| 639000| 1.000481220657277| 9.0
584| Bhubaneswar| 684631.875| 638000| 1.0730907131661442| 5.0
585| Baoji| 630672.625| 638000| 0.9885150862068965| 10.0
586| Vereeniging| 486476.4375| 635000| 0.766104625984252| 3.0
587| "Wuhu,Anhui"| 585082.25| 634000| 0.9228426656151419| 4.0
588| Ulyanovsk| 632623.8125| 633000| 0.9994057069510268| 76.0
589| Ilorin| 624761.25| 633000| 0.9869845971563981| 10.0
590| Izhevsk| 631731.875| 632000| 0.9995757515822785| 9.0
591| C?cuta| 627061.1875| 632000| 0.9921854232594937| 16.0
592| "Pingdingshan,Henan"| 644394.0| 632000| 1.019610759493671| 5.0
593| Shiyan| 633116.9375| 631000| 1.0033548930269414| 21.0
594| JohorBahru| 728160.875| 630000| 1.1558109126984126| 1.0
595| Aba| 692606.8125| 630000| 1.0993758928571429| 3.0
596| Omaha| 628580.9375| 629000| 0.9993337639109698| 17.0
597| Moradabad| 609800.5| 626000| 0.9741222044728435| 6.0
598| Yingkou| 627132.6875| 624000| 1.0050203325320513| 10.0
599| Liaoyang| 538125.4375| 624000| 0.8623805088141026| 3.0
600| Gorakhpur| 614988.0| 623000| 0.9871396468699839| 5.0
601| Weihai| 611280.8125| 620000| 0.9859367943548387| 5.0
602| Huaibei| 672123.5| 617000| 1.089341166936791| 3.0
603| Yaroslavl| 631267.3125| 616000| 1.0247845982142858| 1.0
604| Zaragoza| 619085.1875| 616000| 1.0050084212662338| 25.0
605| Kaifeng| 611463.875| 614000| 0.995869503257329| 4.0
606| Kollam| 697338.0625| 614000| 1.135729743485342| 3.0
607| Londrina| 605905.5625| 613000| 0.9884266924959217| 15.0
608| Putian| 632590.375| 613000| 1.0319581973898857| 7.0
609| Rizhao| 646767.875| 613000| 1.0550862561174552| 9.0
610| Jeonju| 593667.875| 612000| 0.9700455473856209| 5.0
611| s-Gravenhage(TheHague)| 651473.9375| 611000| 1.0662421235679214| 4.0
612| Agadir| 615443.8125| 610000| 1.0089242827868852| 21.0
613| Chi?in?u| 592521.125| 608000| 0.9745413240131579| 4.0
614| Villahermosa| 604019.5625| 606000| 0.996731951320132| 23.0
615| Nanchong| 600997.375| 605000| 0.9933840909090909| 11.0
616| Bari| 617200.1875| 605000| 1.0201655991735536| 11.0
617| ZamboangaCity| 604036.9375| 605000| 0.9984081611570248| 23.0
618| Kananga| 605682.0| 604000| 1.0027847682119206| 35.0
619| Jos| 602161.9375| 604000| 0.9969568501655629| 15.0
620| Bhiwandi| 2336502.5| 603000| 3.8747968490878937| 1.0
621| Venezia| 612469.8125| 602000| 1.017391715116279| 11.0
622| Barnaul| 610784.0625| 602000| 1.0145914659468438| 16.0
623| Quetta| 607378.875| 602000| 1.0089350083056479| 29.0
624| Albuquerque| 602238.25| 601000| 1.002060316139767| 20.0
625| Kagoshima| 599038.625| 601000| 0.9967364808652246| 11.0
626| CiudadGuayana| 600927.375| 599000| 1.00321765442404| 17.0
627| HaiPh?ng| 593446.5| 599000| 0.990728714524207| 2.0
628| Vladivostok| 598502.5| 599000| 0.999169449081803| 39.0
629| Haicheng| 530862.8125| 598000| 0.8877304556856187| 3.0
630| Essen| 581428.5625| 597000| 0.973917190117253| 4.0
631| Chongjin| 598493.6875| 597000| 1.0025019891122278| 52.0
632| Antalya| 596358.1875| 595000| 1.002282668067227| 88.0
633| Jammu| 627064.125| 593000| 1.057443718381113| 9.0
634| Irkutsk| 604223.4375| 592000| 1.0206476984797297| 4.0
635| Zigong| 558723.625| 591000| 0.9453868443316413| 6.0
636| Tanger| 592814.125| 591000| 1.0030695854483926| 11.0
637| Dortmund| 581428.5625| 590000| 0.9854721398305085| 4.0
638| PekanBaru| 599583.625| 588000| 1.0197000425170069| 7.0
639| Trujillo| 602027.125| 588000| 1.0238556547619047| 3.0
640| Kisangani| 585809.4375| 586000| 0.9996748080204778| 71.0
641| Khabarovsk| 586387.4375| 586000| 1.0006611561433447| 72.0
642| Stuttgart| 584784.25| 583000| 1.0030604631217839| 5.0
643| Zhaoqing| 570863.4375| 583000| 0.9791825686106347| 11.0
644| "Xianyang,Shaanxi"| 508369.03125| 582000| 0.8734863079896907| 3.0
645| Cheongju| 499157.5| 582000| 0.8576589347079038| 2.0
646| Maiduguri| 551160.875| 580000| 0.9502773706896551| 6.0
647| Pozna?| 593509.6875| 580000| 1.0232925646551725| 8.0
648| Bangui| 588584.5625| 579000| 1.0165536485319517| 2.0
649| Allentown-Bethlehem| 588770.4375| 578000| 1.0186339749134947| 15.0
650| Kingston| 603032.375| 578000| 1.043308607266436| 7.0
651| Padova| 573181.5625| 578000| 0.9916636029411765| 10.0
652| Soshanguve| 598477.375| 577000| 1.037222487001733| 4.0
653| ChonBuri| 389888.5| 577000| 0.6757166377816292| 2.0
654| Cuttack| 565297.25| 577000| 0.9797179376083189| 4.0
655| Anyang| 1179975.625| 575000| 2.0521315217391303| 1.0
656| "Springfield,Massachusett,Connecticut"| 586304.75| 575000| 1.0196604347826086| 15.0
657| Huangshi| 591143.25| 572000| 1.0334672202797204| 3.0
658| Belfast| 570661.0625| 571000| 0.9994064141856392| 10.0
659| Warangal| 584327.375| 571000| 1.023340411558669| 17.0
660| Yinchuan| 583468.375| 571000| 1.0218360332749563| 15.0
661| Sorocaba| 565621.25| 571000| 0.990580122591944| 9.0
662| Tiruppur| 550579.375| 571000| 0.9642370840630473| 7.0
663| Akron| 622067.9375| 570000| 1.0913472587719297| 12.0
664| Duesseldorf| 581428.5625| 569000| 1.021842816344464| 4.0
665| Islamabad| 574147.0625| 569000| 1.0090458040421793| 9.0
666| Catania| 572335.3125| 568000| 1.0076325924295775| 7.0
667| DaNang| 523087.625| 568000| 0.9209289172535211| 2.0
668| Dushanbe| 575080.6875| 568000| 1.0124659991197182| 7.0
669| Fuyang| 578137.125| 566000| 1.0214436837455831| 8.0
670| Hegang| 561152.0| 564000| 0.9949503546099291| 62.0
671| Masqat(Muscat)| 569214.625| 564000| 1.0092457890070923| 20.0
672| BustoArsizio| 421748.0| 563000| 0.7491083481349912| 1.0
673| Sarasota-Bradenton| 555291.1875| 561000| 0.9898238636363637| 18.0
674| Tulsa| 558974.125| 561000| 0.9963888146167558| 17.0
675| Yiwu| 571064.6875| 560000| 1.0197583705357143| 10.0
676| Albany| 562731.125| 560000| 1.0048770089285715| 17.0
677| Xalapa| 553024.0625| 559000| 0.9893095930232558| 9.0
678| Panzhihua| 558327.1875| 558000| 1.0005863575268816| 27.0
679| Novokuznetsk| 477788.65625| 557000| 0.857789328994614| 76.0
680| Fresno| 563256.5625| 557000| 1.0112326077199283| 10.0
681| Ruian| 538551.875| 555000| 0.9703637387387387| 3.0
682| Concord| 633355.75| 554000| 1.14324142599278| 2.0
683| Nouakchott| 547360.875| 553000| 0.9898026672694394| 16.0
684| Banghazi| 550813.5| 553000| 0.9960461121157324| 102.0
685| Hermosillo| 552996.625| 552000| 1.0018054800724638| 185.0
686| Jiamusi| 553299.8125| 551000| 1.004173888384755| 10.0
687| Nantes| 549036.625| 550000| 0.9982484090909091| 9.0
688| Bristol| 536531.875| 549000| 0.9772893897996358| 13.0
689| PortofSpain| 550466.9375| 548000| 1.0045017107664234| 10.0
690| Raleigh| 551109.5625| 548000| 1.0056743841240876| 21.0
691| Orenburg| 552582.375| 548000| 1.0083619981751826| 9.0
692| Anyang| 586710.3125| 548000| 1.0706392563868614| 3.0
693| Barcelona-PuertoLaCruz| 555457.5625| 547000| 1.015461723034735| 23.0
694| Culiac?n| 550444.5625| 545000| 1.0099900229357799| 49.0
695| Nonthaburi| 1101573.0| 545000| 2.021234862385321| 1.0
696| Vilnius| 552324.3125| 544000| 1.0153020450367647| 11.0
697| Huzhou| 519383.5625| 543000| 0.9565074815837937| 7.0
698| Jamnagar| 539336.4375| 543000| 0.9932531077348067| 13.0
699| Diyarbakir| 541670.625| 542000| 0.9993922970479705| 81.0
700| Najaf| 537983.625| 542000| 0.9925897140221402| 47.0
701| "Pingxiang,Jiangxi"| 545710.6875| 541000| 1.0087073706099816| 11.0
702| Ansan| 1076152.5| 540000| 1.992875| 1.0
703| NakhonRatchasima| 533114.5| 540000| 0.987249074074074| 17.0
704| Amravati| 540555.0| 540000| 1.0010277777777778| 11.0
705| Bremen| 524069.625| 540000| 0.9704993055555555| 9.0
706| GrandRapids| 542048.125| 540000| 1.003792824074074| 18.0
707| Pointe-Noire| 542812.125| 539000| 1.0070725881261595| 33.0
708| MarDelPlata| 539319.4375| 539000| 1.0005926484230057| 24.0
709| Verona| 538790.5625| 537000| 1.0033343808193669| 17.0
710| Ipoh| 536455.375| 537000| 0.998985800744879| 12.0
711| MissionViejo| 527776.375| 534000| 0.9883452715355805| 2.0
712| Mersin| 533470.4375| 534000| 0.9990083099250936| 43.0
713| Denpasar| 595381.0625| 533000| 1.1170376407129456| 2.0
714| Ezhou| 493841.09375| 533000| 0.9265311327392121| 2.0
715| Onitsha| 617003.25| 533000| 1.1576045966228894| 3.0
716| Sulaimaniya| 530385.8125| 533000| 0.9950953330206379| 86.0
717| Kayseri| 531957.8125| 532000| 0.99992070018797| 65.0
718| NewHaven| 529928.25| 532000| 0.9961057330827068| 7.0
719| Xingtai| 507821.90625| 531000| 0.9563501059322034| 3.0
720| Mangalore| 508480.5| 531000| 0.957590395480226| 4.0
721| Reynosa| 535404.4375| 531000| 1.008294609227872| 23.0
722| Banjarmasin| 517615.28125| 531000| 0.9747933733521658| 3.0
723| Yibin| 551511.75| 530000| 1.0405882075471697| 7.0
724| Yangjiang| 518849.625| 530000| 0.9789615566037736| 12.0
725| Blantyre-Limbe| 497345.53125| 529000| 0.9401616847826086| 3.0
726| Huludao| 601433.25| 529000| 1.1369248582230624| 16.0
727| TuxtlaGutierrez| 527816.75| 529000| 0.9977632325141776| 15.0
728| Kemerovo| 549008.75| 528000| 1.0397892992424242| 2.0
729| McAllen| 523301.15625| 527000| 0.9929813211574953| 22.0
730| Jiujiang| 550775.75| 527000| 1.045115275142315| 7.0
731| Malaga| 531652.4375| 526000| 1.0107460788973384| 8.0
732| Neijiang| 558723.625| 526000| 1.0622122148288973| 6.0
733| EastLondon(BuffaloCity)| 513965.15625| 525000| 0.97898125| 12.0
734| Toulon| 523491.78125| 525000| 0.9971272023809524| 14.0
735| Ashgabat| 524853.25| 524000| 1.0016283396946566| 160.0
736| Hufuf-Mubarraz| 523655.1875| 524000| 0.9993419608778626| 471.0
737| Samarinda| 525275.125| 523000| 1.0043501434034416| 7.0
738| Penza| 515467.75| 522000| 0.9874861111111111| 8.0
739| Bikaner| 517352.46875| 521000| 0.9929989803262956| 20.0
740| Ryazan| 521096.0625| 521000| 1.0001843809980806| 22.0
741| Xiantao| 524604.1875| 519000| 1.010798049132948| 7.0
742| Dehradun| 529768.8125| 518000| 1.0227197152509653| 9.0
743| Douai-Lens| 426351.8125| 517000| 0.8246650145067699| 2.0
744| Duisburg| 581428.5625| 517000| 1.1246200435203095| 4.0
745| Wenling| 497942.4375| 516000| 0.9650047238372093| 6.0
746| Hannover| 511752.90625| 515000| 0.993694963592233| 20.0
747| Ma'anshan| 492401.1875| 514000| 0.9579789640077822| 3.0
748| Mykolaiv| 521136.4375| 513000| 1.0158605019493177| 6.0
749| Guntur| 640535.25| 511000| 1.253493639921722| 1.0
750| Brighton-Worthing-Littlehampton| 507840.25| 510000| 0.9957651960784314| 11.0
751| Bhavnagar| 495380.90625| 509000| 0.9732434307465618| 12.0
752| Longyan| 514235.40625| 508000| 1.0122744217519686| 33.0
753| S?oJos?dosCampos| 489409.6875| 508000| 0.9634048966535433| 10.0
754| Matsuyama| 491981.25| 508000| 0.9684670275590551| 7.0
755| Astrakhan| 505950.875| 506000| 0.9999029150197628| 123.0
756| BurSa'id| 512892.40625| 506000| 1.0136213562252965| 6.0
757| NaberezhnyeTchelny| 556251.625| 506000| 1.0993115118577075| 1.0
758| AbuZaby(AbuDhabi)| 497721.6875| 505000| 0.9855875| 164.0
759| OaxacadeJu?rez| 499879.40625| 505000| 0.9898602103960396| 7.0
760| Tyumen| 489494.4375| 504000| 0.9712191220238096| 1.0
761| Kirkuk| 507252.53125| 504000| 1.0064534350198413| 57.0
762| Pereira| 468457.0625| 503000| 0.9313261679920477| 8.0
763| Toledo| 503744.59375| 503000| 1.001480305666004| 13.0
764| Ribeir?oPreto| 509273.125| 501000| 1.0165132235528942| 10.0
765| Seregno| 421748.0| 501000| 0.841812375249501| 1.0
766| Celaya| 522667.1875| 500000| 1.045334375| 9.0
767| Kolhapur| 518094.25| 499000| 1.0382650300601202| 5.0
768| Belgaum| 471901.4375| 499000| 0.9456942635270541| 7.0
769| Matola| 449201.125| 498000| 0.9020102911646586| 3.0
770| Puducherry| 502799.25| 498000| 1.009637048192771| 4.0
771| Kigali| 494708.53125| 498000| 0.993390625| 7.0
772| Safaqis| 498786.21875| 497000| 1.0035940015090543| 63.0
773| Lipetsk| 483344.75| 496000| 0.9744853830645162| 6.0
774| Libreville| 487079.375| 496000| 0.9820148689516129| 4.0
775| Mariupol| 499047.25| 495000| 1.0081762626262627| 9.0
776| Adan(Aden)| 499274.5625| 495000| 1.0086354797979797| 15.0
777| Hamah| 483461.03125| 495000| 0.976688952020202| 18.0
778| Changzhi| 534668.5| 494000| 1.082324898785425| 5.0
779| G?teborg| 497866.125| 494000| 1.0078261639676114| 16.0
780| Oshogbo| 496419.25| 493000| 1.0069355983772819| 4.0
781| Santiago| 480123.15625| 492000| 0.9758600736788617| 20.0
782| Leipzig| 476032.5| 491000| 0.9695162932790224| 5.0
783| Surakarta| 421607.4375| 491000| 0.8586709521384929| 1.0
784| BokaroSteelCity| 478224.6875| 491000| 0.973981033604888| 2.0
785| Tengzhou| 482095.4375| 489000| 0.9858802402862986| 8.0
786| Tomsk| 467015.25| 489000| 0.9550414110429448| 4.0
787| Durgapur| 500583.09375| 489000| 1.0236873082822087| 6.0
788| Nurenberg| 520088.625| 488000| 1.0657553790983607| 5.0
789| Utsunomiya| 465318.875| 487000| 0.9554802361396304| 6.0
790| Uberl?ndia| 488073.28125| 487000| 1.002203862936345| 25.0
791| Orumiyeh| 481694.3125| 485000| 0.993184149484536| 42.0
792| Grenoble| 479478.5| 485000| 0.9886154639175257| 10.0
793| Ajmer| 496373.625| 484000| 1.025565340909091| 9.0
794| Tula| 457465.71875| 483000| 0.9471339932712215| 4.0
795| Cuiab?| 476793.25| 482000| 0.9891976141078839| 10.0
796| BatonRouge| 482726.125| 482000| 1.0015064834024896| 18.0
797| Taif| 482116.34375| 482000| 1.0002413770746887| 141.0
798| Eskisehir| 484599.5| 480000| 1.0095822916666666| 51.0
799| Laiwu| 463170.21875| 480000| 0.9649379557291666| 7.0
800| Yangquan| 490734.9375| 480000| 1.022364453125| 8.0
801| Shangrao| 465195.5625| 480000| 0.969157421875| 6.0
802| Basel| 487150.65625| 479000| 1.0170159838204593| 9.0
803| Raurkela| 481406.1875| 479000| 1.0050233559498956| 6.0
804| Yueqing| 450166.21875| 479000| 0.9398042145093946| 6.0
805| Dresden| 473502.40625| 477000| 0.9926675183438155| 12.0
806| Gomel| 480125.28125| 477000| 1.0065519523060797| 36.0
807| Xinyang| 505386.5| 477000| 1.0595104821802934| 12.0
808| Sargodha| 460125.375| 477000| 0.964623427672956| 13.0
809| Lilongwe| 463127.15625| 476000| 0.9729562106092436| 4.0
810| Liaocheng| 485073.5| 476000| 1.019061974789916| 9.0
811| Antipolo| 1747946.75| 474000| 3.687651371308017| 1.0
812| Pontianak| 492607.5625| 473000| 1.0414536205073996| 4.0
813| Dezhou| 504442.25| 473000| 1.0664741014799155| 6.0
814| Qacentina| 479624.5| 473000| 1.014005285412262| 18.0
815| Nagasaki| 488499.25| 471000| 1.0371533970276008| 6.0
816| Zahedan| 468945.28125| 469000| 0.999883328891258| 582.0
817| Gen?ve| 465470.75| 469000| 0.992474946695096| 5.0
818| Bouake| 474674.1875| 469000| 1.0120984808102345| 21.0
819| PozaRicadeHidalgo| 470655.625| 469000| 1.003530117270789| 21.0
820| Be'erSheva| 435031.875| 469000| 0.9275732942430703| 2.0
821| "Yulin,Guangxi"| 472547.28125| 469000| 1.007563499466951| 7.0
822| ColoradoSprings| 467464.875| 468000| 0.9988565705128205| 21.0
823| Jundia?| 425699.875| 468000| 0.9096151175213675| 3.0
824| Enugu| 458743.9375| 467000| 0.9823210653104925| 6.0
825| Luhansk| 468461.8125| 467000| 1.0031302194860814| 8.0
826| Xintai| 468124.34375| 466000| 1.0045586775751072| 9.0
827| Rasht| 458048.375| 465000| 0.9850502688172043| 10.0
828| Siliguri| 451626.34375| 464000| 0.9733326373922414| 9.0
829| CagayandeOroCity| 458361.5625| 464000| 0.9878481950431034| 7.0
830| Chiclayo| 450014.8125| 463000| 0.9719542386609071| 4.0
831| Kirov| 470126.90625| 463000| 1.0153928860691144| 10.0
832| Rouen| 463815.6875| 463000| 1.0017617440604751| 8.0
833| Salta| 462313.1875| 462000| 1.000677895021645| 25.0
834| Gda?sk| 471155.125| 461000| 1.0220284707158351| 6.0
835| Skopje| 459374.25| 461000| 0.9964734273318872| 8.0
836| Kurashiki| 469673.0625| 461000| 1.0188135845986985| 7.0
837| Shuangyashan| 460304.0625| 460000| 1.0006610054347826| 23.0
838| Cagliari| 461271.3125| 460000| 1.002763722826087| 25.0
839| BienHoa| 1797966.0| 458000| 3.925689956331878| 1.0
840| Huambo| 457305.71875| 457000| 1.0006689688183807| 93.0
841| Ash-Shariqah(Sharjah)| 456684.0| 457000| 0.999308533916849| 24.0
842| Fukuyama| 454369.96875| 457000| 0.9942450082056893| 8.0
843| Kanazawa| 436661.21875| 456000| 0.957590391995614| 7.0
844| Taranto| 450339.9375| 454000| 0.9919381883259912| 19.0
845| Changde| 453562.84375| 454000| 0.9990371007709251| 12.0
846| SanPedroSula| 427248.65625| 454000| 0.9410763353524229| 3.0
847| Oita| 432391.71875| 454000| 0.9524046668502203| 7.0
848| Leshan| 425151.5| 454000| 0.9364570484581498| 10.0
849| "Suzhou,Anhui"| 441686.65625| 453000| 0.9750257312362031| 11.0
850| Jhansi| 436386.65625| 453000| 0.963325951986755| 9.0
851| Guigang| 451966.53125| 452000| 0.9999259540929204| 14.0
852| Edinburgh| 440233.1875| 451000| 0.9761268015521064| 5.0
853| Shaoyang| 455195.4375| 450000| 1.0115454166666666| 3.0
854| Leicester| 437737.15625| 450000| 0.9727492361111111| 6.0
855| Saharanpur| 416689.8125| 450000| 0.9259773611111111| 3.0
856| SantaFe| 452058.3125| 450000| 1.0045740277777777| 41.0
857| Zhuji| 459068.625| 450000| 1.0201525| 8.0
858| JuizDeFora| 448930.71875| 449000| 0.9998456987750557| 12.0
859| Zhoushan| 451257.0| 449000| 1.0050267260579064| 5.0
860| Asmara| 445867.9375| 449000| 0.993024359688196| 18.0
861| Shangqiu| 436309.375| 448000| 0.9739048549107143| 7.0
862| Kolwezi| 448532.40625| 448000| 1.0011884068080357| 204.0
863| Lattakia| 449169.375| 448000| 1.0026102120535714| 14.0
864| Malegaon| 437553.96875| 447000| 0.9788679390380313| 13.0
865| Jieyang| 547725.375| 446000| 1.2280838004484305| 2.0
866| As-Suways| 470139.09375| 446000| 1.054123528587444| 31.0
867| Shimkent| 441946.9375| 445000| 0.9931391853932584| 14.0
868| Vientiane| 448458.0625| 442000| 1.0146110011312217| 17.0
869| Sangli| 417234.78125| 442000| 0.9439700933257918| 4.0
870| Sialkot| 427994.875| 441000| 0.9705099206349206| 6.0
871| Jiaxing| 423477.3125| 440000| 0.9624484375| 6.0
872| Ivanovo| 434401.75| 440000| 0.9872767045454546| 5.0
873| Cangzhou| 475667.625| 439000| 1.0835253416856492| 4.0
874| CanTho| 443103.71875| 439000| 1.0093478787015946| 3.0
875| Makhachkala| 435690.1875| 438000| 0.994726455479452| 25.0
876| Canc?n| 438215.3125| 438000| 1.0004915810502284| 38.0
877| Anqing| 452222.0625| 437000| 1.034833094965675| 6.0
878| Cheboksary| 450656.53125| 437000| 1.0312506435926774| 2.0
879| Bahawalpur| 447048.875| 436000| 1.0253414564220182| 7.0
880| Mekn?s| 439026.25| 436000| 1.0069409403669725| 11.0
881| Karaganda| 451479.625| 435000| 1.0378841954022988| 9.0
882| Bryansk| 437862.8125| 435000| 1.0065811781609195| 4.0
883| Qitaihe| 431612.4375| 432000| 0.9991028645833333| 14.0
884| London| 423943.875| 432000| 0.9813515625| 19.0
885| Beihai| 425085.4375| 432000| 0.9839940682870371| 4.0
886| Worcester| 428679.375| 431000| 0.9946157192575406| 9.0
887| FeiraDeSantana| 438862.15625| 431000| 1.0182416618329466| 6.0
888| Bacolod| 416476.0625| 430000| 0.9685489825581395| 3.0
889| Strasbourg| 423110.71875| 430000| 0.9839784156976744| 4.0
890| Bratislava| 424830.625| 430000| 0.9879781976744186| 6.0
891| Siping| 445605.21875| 430000| 1.0362912063953489| 7.0
892| Durango| 430555.6875| 429000| 1.0036263111888113| 97.0
893| Kerman| 429183.6875| 429000| 1.000428175990676| 292.0
894| Hamadan| 424779.0625| 429000| 0.9901609848484848| 31.0
895| Macao| 446180.03125| 428000| 1.0424767085280373| 1.0
896| Tirunelveli| 413722.5625| 428000| 0.9666415011682243| 5.0
897| Bournemouth/Poole| 428930.65625| 428000| 1.0021744304906541| 12.0
898| ValedoA?o| 625903.875| 427000| 1.465817037470726| 1.0
899| "Kaliningrad,KaliningradOblast"| 426968.4375| 427000| 0.9999260831381733| 12.0
900| Ujjain| 438479.5625| 426000| 1.0292947476525822| 9.0
